 Condition
 Gas_specific=   287.101591850829     
 Heat_capacity_ratio=   1.40000000000000     
 CFL         =  0.400000000000000     
 MUSCL       =   1.00000000000000     
 ORDER       =  0.333333333333333     
 OUTPUT      =         500
